TemperaturaMedia
3.6
9.3
9.2
13.3
14.8
21.7
26.2
24.9
24.2
17.2
8.7
6.1
5.1
5.9
9.9
8.8
18.7
22.3
26.1
24
21
15.7
9.9
6.3
5.2
7.4
11.5
14
16.7
22
23.9
25.7
23.9
13.4
9.9
8.3
7.8
7.6
11.7
12.5
15.5
18.2
24.3
25.2
21.6
15.4
10.3
6.6
6.6
8.7
12.6
10.9
18.4
22.2
26.7
26
19.8
16.6
11.9
9.5
6.4
10.9
11.5
11.2
17.8
23.4
26.4
25.8
22
14.7
9.3
5.3
5.6
5.9
10.4
11.8
16
23.4
26.5
27.2
21.9
12.3
9.4
7.2
4.7
7.5
11.4
14
18.5
17.4
26.3
25.3
20.9
12.7
11.2
7.4
5.9
7.3
10.6
12
15.6
21
25.3
25.6
18.7
11.2
8.8
6.5
6.1
7.1
13.9
12.2
16.9
22.8
27.8
26.4
18.6
15.4
11.4
7.2
6.8
8.9
11.5
14.5
18.9
22.1
26.4
25.1
18.3
17.5
11.7
8.4
7.9
6.4
10.3
14
15.9
22.8
25
23.6
18.3
15
10.2
7.4
7.1
10.3
14.7
15.9
16.5
19.5
23.2
24.6
22.4
17.1
9.5
6.9
7.1
9.9
13.2
11
15.7
22.4
26.1
26.1
20.2
14.1
9.8
5.9
6
7.6
10.8
13.7
18
22.1
26.3
25.5
20.1
14.6
7.8
5.9
4.8
10.8
12.1
10.7
18.1
23.1
23.9
24.4
21
14.8
8.8
7.6
7.2
8.5
12.3
13.7
16.8
23.4
24.2
25.6
20.4
16.2
8.1
4.2
7.2
9
11.3
13.7
15.6
23.5
24.8
23.7
19.7
14.8
9.9
8.7
6.1
6.8
12.3
13.4
18.7
25.5
25.9
27.2
21.8
14
10.4
6.8
7.6
8.1
9.4
12.4
15.1
24.5
25.6
24.1
22.3
15.6
9.2
7.4
5.8
5.2
10.9
14.3
19.2
25.1
26.6
25.7
20.6
15.4
8.6
6.2
5.6
6.7
11.3
14.9
19.7
23.5
27.3
24.2
22
16.9
11.9
6.6
6.5
9.3
10.1
13.2
16.4
20.2
24.7
23.7
21.2
15
9.1
6.3
8
9.3
10.9
14
15.5
21.2
25
25.7
19.8
14.6
7.9
6.3
5.2
7.9
12.4
12.6
19.3
23.7
26.3
27.5
21.5
17.3
11.5
6.2
5.4
6.4
9.3
14.3
16.2
21.1
27.5
26
21.3
14.1
8.7
6.2
6.4
8.5
10
16.7
19.1
22.8
25.1
25.9
22.7
17.2
11.2
6.9
6.7
6.2
11.9
11.6
19.2
24.5
26.2
26.9
21.2
